0 0.21055555555555558 0.503 0.18013071895424837 0.16227173913043474
0 0.30276143790849674 0.3518695652173913 0.1295098039215686 0.11770652173913039
0 0.38212418300653594 0.24782608695652175 0.10640522875816995 0.10766304347826082
0 0.45993464052287586 0.28456521739130436 0.10640522875816995 0.08907608695652167
0 0.4039052287581699 0.39845652173913043 0.14395424836601312 0.15734782608695652
0 0.3292156862745098 0.5910000000000001 0.17663398692810453 0.19047826086956524
0 0.5128431372549019 0.43830434782608696 0.13670751633986922 0.16806521739130434
0 0.547467320261438 0.312 0.10271241830065361 0.10869565217391304
0 0.6474509803921569 0.33167391304347826 0.10002450980392144 0.13628260869565217
0 0.4684803921568627 0.6784782608695653 0.18292483660130707 0.26563043478260884
0 0.6377287581699347 0.4890217391304348 0.1353921568627451 0.18115217391304356
0 0.7540522875816994 0.3886086956521739 0.10562908496732024 0.12567391304347827
0 0.7882843137254901 0.5651086956521739 0.13150326797385625 0.19254347826086968