0 0.072171875 0.4444375 0.13392187499999997 0.22420833333333334
0 0.220984375 0.30654166666666666 0.09078125000000004 0.10912499999999999
0 0.3991875 0.6244999999999999 0.20460937499999998 0.33433333333333337
0 0.29278125 0.49156249999999996 0.13020312499999998 0.21925000000000003
0 0.25371875 0.37747916666666664 0.10862499999999997 0.14583333333333334
0 0.6633125 0.6061458333333333 0.2671093750000001 0.3095208333333334
0 0.518234375 0.4493958333333333 0.16295312499999995 0.18056250000000004
0 0.43079687499999997 0.3640833333333333 0.12351562499999993 0.11508333333333336
0 0.3668125 0.29116666666666663 0.1071406249999999 0.09227083333333337
0 0.8846718750000001 0.5664583333333333 0.23065624999999984 0.21627083333333322
0 0.7035 0.4360208333333333 0.16740624999999998 0.13193749999999996
0 0.5710625 0.3348125 0.14210937500000007 0.12004166666666667
0 0.478046875 0.266875 0.10789062499999993 0.0972291666666667