0 0.836233108108108 0.4931306306306306 0.20028716216216205 0.10939189189189201
0 0.7726858108108108 0.5687387387387387 0.23853885135135142 0.12800675675675685
0 0.6862162162162162 0.6384684684684685 0.28346283783783777 0.22796171171171178
0 0.18831081081081083 0.6352477477477477 0.22521959459459448 0.191981981981982
0 0.37854729729729736 0.5317567567567568 0.20889358108108103 0.1571171171171171
0 0.5032094594594594 0.48400900900900895 0.1906418918918919 0.14693693693693696
0 0.600945945945946 0.44648648648648653 0.17551520270270266 0.1323986486486486
0 0.6829898648648649 0.4218243243243243 0.1268918918918919 0.08075450450450442
0 0.5555067567567568 0.3590765765765766 0.11329391891891881 0.06923423423423425
0 0.4891385135135135 0.38804054054054055 0.12358952702702716 0.058231981981981894
0 0.40146959459459464 0.4110810810810811 0.1222635135135135 0.07184684684684679
0 0.3033277027027027 0.4202027027027027 0.14008445945945938 0.10987612612612606
0 0.1750337837837838 0.4850900900900901 0.16329391891891903 0.10833333333333338