0 0.162578125 0.3556458333333333 0.13170312499999998 0.11012500000000003
0 0.12796875000000002 0.44245833333333334 0.174109375 0.12697916666666664
0 0.14359375000000002 0.5580416666666667 0.24107812500000003 0.19741666666666666
0 0.298734375 0.37995833333333334 0.09895312499999998 0.08729166666666661
0 0.34784375 0.4295625 0.14954687500000005 0.16270833333333337
0 0.43860937499999997 0.3764791666666667 0.07217187499999991 0.08829166666666666
0 0.528640625 0.42460416666666667 0.11384375000000002 0.15477083333333339
0 0.5699375 0.35862499999999997 0.07589062500000007 0.11408333333333331
0 0.443453125 0.5848125 0.15476562499999993 0.19345833333333337
0 0.75484375 0.5615 0.20460937500000007 0.25991666666666663
0 0.70275 0.40872916666666664 0.11829687500000005 0.12895833333333329
0 0.890625 0.4479166666666667 0.16815624999999984 0.12797916666666667