0 0.933277027027027 0.4774774774774775 0.13344594594594594 0.24324324324324326
0 0.7779898648648649 0.3291441441441441 0.09814189189189193 0.11797297297297296
0 0.5853378378378378 0.6728828828828829 0.2212415540540539 0.36090090090090093
0 0.7003716216216216 0.5291666666666667 0.14048141891891885 0.2378828828828829
0 0.7426013513513514 0.4058333333333333 0.11699324324324323 0.15765765765765766
0 0.2997972972972973 0.6530405405405405 0.288766891891892 0.3346171171171172
0 0.4566385135135135 0.4835810810810811 0.17616554054054048 0.19520270270270274
0 0.5511655405405406 0.39135135135135135 0.13353040540540534 0.12441441441441443
0 0.6203378378378378 0.3125225225225225 0.11619087837837833 0.09942567567567563
0 0.0929054054054054 0.6081081081081081 0.1858108108108108 0.23423423423423423
0 0.25635135135135134 0.4691216216216216 0.18086148648648637 0.14226351351351357
0 0.39952702702702697 0.3597072072072072 0.15367398648648653 0.1302027027027027
0 0.5000844594594595 0.2862612612612612 0.11659628378378374 0.10435810810810806