0 0.0626984126984127 0.4173728813559322 0.1253968253968254 0.2330508474576271
0 0.21700000000000003 0.3599576271186441 0.18273015873015874 0.15243644067796608
0 0.3473968253968254 0.30447033898305087 0.13831746031746028 0.13620762711864412
0 0.4641746031746032 0.23940677966101695 0.13473015873015873 0.14366525423728815
0 0.5613015873015873 0.22326271186440677 0.13984126984126988 0.09281779661016949
0 0.25820634920634916 0.5652754237288136 0.226 0.26432203389830505
0 0.48420634920634925 0.4315889830508475 0.23114285714285715 0.2247775423728813
0 0.5975873015873017 0.35845338983050845 0.21541269841269847 0.18158898305084742
0 0.7022698412698413 0.2959110169491525 0.19349206349206347 0.14326271186440678
0 0.7952380952380952 0.2605932203389831 0.17988888888888876 0.10694915254237292
0 0.662968253968254 0.7095338983050847 0.33835714285714297 0.34826271186440677
0 0.8444444444444444 0.5646186440677966 0.3111111111111111 0.24364406779661016
0 0.9182539682539682 0.4216101694915254 0.1634920634920635 0.19491525423728814