0 0.8815833333333334 0.37491111111111114 0.14048333333333327 0.11746666666666669
0 0.9133333333333333 0.46555555555555556 0.17333333333333334 0.13555555555555557
0 0.8866666666666667 0.59 0.22666666666666666 0.2111111111111111
0 0.73635 0.40084444444444445 0.10527499999999994 0.09322222222222219
0 0.6839666666666666 0.4537555555555555 0.15892500000000004 0.17344444444444446
0 0.5871500000000001 0.39713333333333334 0.07682499999999985 0.09375555555555555
0 0.4911166666666667 0.4484666666666667 0.12143333333333335 0.16508888888888892
0 0.44706666666666667 0.37808888888888886 0.08130833333333347 0.12195555555555554
0 0.5819833333333333 0.6193555555555555 0.16508333333333325 0.2063555555555556
0 0.2498333333333333 0.5944888888888888 0.2182916666666668 0.2775111111111111
0 0.3054 0.4315333333333333 0.1261833333333334 0.13755555555555551
0 0.105 0.47333333333333333 0.17968333333333325 0.1371444444444445