0 0.8301470588235293 0.5020652173913043 0.1932761437908498 0.10496739130434789
0 0.7686764705882353 0.5750434782608695 0.23109477124182998 0.12319565217391296
0 0.6850326797385621 0.6423478260869565 0.2741993464052287 0.22003260869565225
0 0.20339869281045755 0.6392391304347826 0.2175898692810457 0.1861304347826087
0 0.3874183006535948 0.5393478260869565 0.20206699346405224 0.15165217391304345
0 0.5080065359477124 0.49326086956521736 0.18452614379084978 0.1426521739130435
0 0.6025490196078431 0.4570434782608696 0.16962418300653587 0.12732608695652173
0 0.6819117647058824 0.43323913043478257 0.1227450980392157 0.07794565217391296
0 0.5585947712418301 0.3726739130434783 0.10959150326797375 0.06682608695652176
0 0.4943954248366013 0.4006304347826087 0.11982026143790857 0.05589130434782604
0 0.4095915032679739 0.42286956521739133 0.11826797385620914 0.06934782608695647
0 0.314656862745098 0.43167391304347824 0.1353921568627451 0.10558695652173912
0 0.19055555555555556 0.49430434782608695 0.1582271241830066 0.10445652173913046