0 0.23884375000000002 0.48412499999999997 0.17262500000000003 0.15477083333333325
0 0.327015625 0.3392916666666667 0.12424999999999997 0.11310416666666671
0 0.40290625 0.23958333333333334 0.10193750000000001 0.10218750000000003
0 0.47731250000000003 0.27479166666666666 0.10193750000000001 0.08531249999999997
0 0.423734375 0.3839375 0.13765625000000004 0.15079166666666666
0 0.3523125 0.5684583333333334 0.16890624999999995 0.18254166666666669
0 0.52790625 0.42212500000000003 0.13020312500000006 0.16170833333333334
0 0.561015625 0.30108333333333337 0.09821875000000002 0.10416666666666667
0 0.656625 0.3199375 0.09598437499999993 0.12995833333333331
0 0.48548437499999997 0.6522916666666667 0.17484374999999996 0.25495833333333334
0 0.647328125 0.47072916666666664 0.12946875000000002 0.17360416666666675
0 0.7585625 0.3745 0.10045312499999995 0.12004166666666667
0 0.7912968749999999 0.5436458333333333 0.12575000000000003 0.18452083333333344