0 0.0594855305466238 0.45064377682403434 0.1189710610932476 0.2317596566523605
0 0.20326366559485531 0.30931330472103 0.09332797427652735 0.11199570815450643
0 0.38662379421221865 0.636824034334764 0.2105305466237942 0.3443776824034335
0 0.27713826366559485 0.49989270386266094 0.13397106109324755 0.22583690987124466
0 0.23694533762057876 0.38238197424892706 0.11135048231511252 0.15021459227467812
0 0.6583922829581993 0.6179184549356223 0.274879421221865 0.3182081545064377
0 0.5091157556270097 0.4564592274678112 0.16766881028938901 0.18598712446351934
0 0.4191479099678456 0.36858369098712446 0.12709003215434075 0.11854077253218887
0 0.35331189710610933 0.2934763948497854 0.11024115755627 0.09504291845493566
0 0.8834405144694534 0.575107296137339 0.23311897106109325 0.22317596566523606
0 0.6997427652733119 0.44268240343347637 0.17213826366559476 0.13554721030042924
0 0.5634726688102895 0.3384334763948498 0.14622186495176856 0.1236480686695279
0 0.4677652733118971 0.2684549356223176 0.11097266881028935 0.09943133047210297