0 0.7794480519480519 0.48783549783549784 0.178961038961039 0.16156926406926403
0 0.6878409090909091 0.3373593073593074 0.12909090909090906 0.11751082251082255
0 0.6089935064935065 0.23376623376623376 0.10590909090909092 0.10616883116883119
0 0.5316883116883117 0.27034632034632033 0.10590909090909092 0.08863636363636361
0 0.5873538961038961 0.3837445887445887 0.1429383116883118 0.15625541125541126
0 0.6615584415584416 0.5754545454545454 0.17548701298701283 0.18965367965367966
0 0.4791233766233766 0.4234199134199134 0.1352759740259741 0.16800865800865802
0 0.44472402597402594 0.2976623376623377 0.10204545454545456 0.10822510822510822
0 0.34538961038961036 0.31725108225108223 0.0997240259740259 0.13502164502164501
0 0.523198051948052 0.6625541125541126 0.18173701298701286 0.2644805194805196
0 0.35504870129870125 0.4739177489177489 0.13451298701298703 0.18036796536796545
0 0.23948051948051946 0.3739393939393939 0.10494318181818178 0.12512987012987015
0 0.2054707792207793 0.5496753246753247 0.1310714285714286 0.19109307359307354