0 0.06882812499999999 0.4256041666666666 0.13765624999999998 0.2301666666666667
0 0.22767187500000002 0.36854166666666666 0.18006250000000001 0.14979166666666674
0 0.35603125 0.3139791666666667 0.13615624999999998 0.13393750000000004
0 0.470984375 0.25 0.13243749999999999 0.140875
0 0.56659375 0.234125 0.13765625000000004 0.09127083333333334
0 0.26823437499999997 0.5704375 0.22246875 0.25991666666666663
0 0.490703125 0.4389791666666667 0.22693750000000001 0.22122916666666667
0 0.6023125 0.3670625 0.21204687500000005 0.17856249999999996
0 0.705359375 0.30556249999999996 0.19046874999999996 0.140875
0 0.796875 0.2708333333333333 0.1770781249999999 0.1051666666666667
0 0.666671875 0.7122916666666667 0.3333281250000001 0.34325
0 0.84609375 0.5697916666666667 0.3078125 0.23958333333333334
0 0.91875 0.42916666666666664 0.1625 0.19166666666666668