0 0.0698051948051948 0.4090909090909091 0.1396103896103896 0.23809523809523808
0 0.23329545454545456 0.35043290043290043 0.1870779220779221 0.1556277056277057
0 0.3666558441558442 0.29374458874458875 0.1413474025974025 0.13884199134199143
0 0.4860876623376624 0.22727272727272727 0.13759740259740258 0.14636363636363636
0 0.5854220779220779 0.21077922077922076 0.14293831168831161 0.09503246753246754
0 0.2754383116883117 0.5601948051948052 0.2316396103896104 0.27030303030303027
0 0.5065746753246754 0.4236147186147186 0.2363961038961039 0.22964285714285707
0 0.6225324675324676 0.34889610389610387 0.22030844155844162 0.18551948051948047
0 0.7295941558441559 0.285 0.1979707792207791 0.1456926406926407
0 0.8246753246753247 0.24891774891774893 0.18452110389610385 0.10874458874458877
0 0.6893993506493507 0.7075757575757575 0.34631493506493516 0.3566233766233766
0 0.8579545454545454 0.5595238095238095 0.2840909090909091 0.24891774891774893
0 0.9334415584415584 0.4134199134199134 0.1331168831168831 0.19913419913419914