0 0.18117187500000004 0.5019791666666666 0.185265625 0.10118750000000011
0 0.239953125 0.5719166666666666 0.220984375 0.11806249999999992
0 0.3199375 0.6364166666666667 0.26190625 0.21131250000000013
0 0.7805 0.6334375 0.2083281249999999 0.17758333333333334
0 0.60453125 0.5377083333333333 0.19270312500000006 0.1448333333333333
0 0.48921875000000004 0.4935416666666666 0.17634375000000002 0.13591666666666669
0 0.3988125 0.45883333333333337 0.16220312499999992 0.12202083333333331
0 0.32292187499999997 0.4360208333333333 0.11756250000000001 0.07439583333333329
0 0.44084375 0.3779791666666667 0.10490624999999998 0.06350000000000004
0 0.502234375 0.4047708333333333 0.11457812500000006 0.05356249999999996
0 0.583328125 0.42608333333333337 0.11309374999999999 0.06645833333333329
0 0.674109375 0.4345208333333333 0.12946875000000002 0.10118749999999999
0 0.79278125 0.49454166666666666 0.1510468750000001 0.10020833333333339