0 0.17069256756756757 0.3799774774774775 0.14213682432432434 0.11921171171171173
0 0.13327702702702704 0.4738288288288288 0.18870777027027022 0.13733108108108114
0 0.15016891891891893 0.5987837837837838 0.26038006756756765 0.21369369369369368
0 0.3178885135135135 0.4062612612612613 0.10669763513513507 0.09448198198198196
0 0.37097972972972976 0.4598873873873874 0.16107263513513517 0.17578828828828832
0 0.4691047297297297 0.4025 0.07802364864864855 0.09545045045045045
0 0.5664358108108107 0.454527027027027 0.12307432432432434 0.16731981981981986
0 0.6110810810810811 0.38319819819819817 0.08240709459459473 0.12360360360360359
0 0.4743412162162162 0.6277252252252252 0.1673141891891891 0.20914414414414417
0 0.8109797297297298 0.6025225225225225 0.2212415540540543 0.2812612612612613
0 0.7546621621621622 0.43736486486486487 0.12788851351351357 0.13941441441441435
0 0.933277027027027 0.4786036036036036 0.13344594594594594 0.1373873873873874